Running Playground.mzn with Dataset3.dzn
LAST HOUR:  19
SOLUTION:  
          	 1  2  3  4  5  6  7  8  9 10 11 12 13 14 15 16 17 18 19 20 21 22 23 24
     Alice	 0  0  0  0  0  0  0  0  0  0  0  0  1  0  0  0  0  0  1  0  0  0  0  0
       Bob	 0  0  0  0  0  1  0  0  1  1  0  0  0  0  0  0  0  0  0  0  0  0  0  0
   Charlie	 0  0  0  0  1  0  0  0  0  0  0  0  0  0  0  0  0  0  0  0  0  0  0  0
     David	 1  0  1  0  0  0  0  0  0  0  0  0  0  0  0  0  0  0  0  0  0  0  0  0
       Eve	 0  1  0  1  0  0  0  0  0  0  1  0  0  0  0  0  0  1  0  0  0  0  0  0
----------
LAST HOUR:  18
SOLUTION:  
          	 1  2  3  4  5  6  7  8  9 10 11 12 13 14 15 16 17 18 19 20 21 22 23 24
     Alice	 0  0  0  1  0  0  0  0  0  0  0  0  1  0  0  0  0  0  0  0  0  0  0  0
       Bob	 0  0  0  0  0  1  0  0  1  1  0  0  0  0  0  0  0  0  0  0  0  0  0  0
   Charlie	 0  0  0  0  1  0  0  0  0  0  0  0  0  0  0  0  0  0  0  0  0  0  0  0
     David	 1  0  1  0  0  0  0  0  0  0  0  0  0  0  0  0  0  0  0  0  0  0  0  0
       Eve	 0  1  0  0  0  0  1  0  0  0  1  0  0  0  0  0  0  1  0  0  0  0  0  0
----------
LAST HOUR:  14
SOLUTION:  
          	 1  2  3  4  5  6  7  8  9 10 11 12 13 14 15 16 17 18 19 20 21 22 23 24
     Alice	 0  0  0  1  0  0  0  0  0  0  0  0  1  0  0  0  0  0  0  0  0  0  0  0
       Bob	 0  0  0  0  0  1  0  0  1  0  0  0  0  1  0  0  0  0  0  0  0  0  0  0
   Charlie	 0  0  0  0  1  0  0  0  0  0  0  0  0  0  0  0  0  0  0  0  0  0  0  0
     David	 1  0  1  0  0  0  0  0  0  0  0  0  0  0  0  0  0  0  0  0  0  0  0  0
       Eve	 0  1  0  0  0  0  1  0  0  1  1  0  0  0  0  0  0  0  0  0  0  0  0  0
----------
==========
Finished in 291msec
